[T=9.899800e+02] -1.93941 <<1.94429>>  
[T=1.048500e+03] -0.49728 <<0.542319>> 1.87127  2.95154 
[T=1.110460e+03] -1.77822  -1.59834 <<1.79709>> 2.42987 
[T=1.176100e+03] -2.04524  -1.5793  -0.927206  -0.56263 <<0.563237>> 0.928999  1.60313  2.02213 
[T=1.245600e+03] -1.80537  -1.24293  -0.569154 <<0.570398>> 1.56882  1.81051  2.02396 
[T=1.319220e+03] -1.80424  -1.66165  -0.563321 <<0.564188>> 1.80375  2.02985  2.53387 
[T=1.397180e+03] -1.78752  -1.24  -0.555564 <<0.552217>> 1.8037  2.01697 
[T=1.479760e+03] -1.73259  -1.58691  -0.688652  -0.565492  0.556943 <<0.55903>> 1.2584  1.80245  2.0234 
[T=1.567200e+03] -1.86933  -1.80417  -0.973634  -0.706486 <<0.558724>> 0.699489  0.911069  1.11567  1.24556  1.5829  1.81869  2.03872  2.33979  2.67404  2.84111  2.9329 
[T=1.659820e+03] -1.67147  -1.42206  -1.25127  -0.559621 <<0.558804>> 0.706487  0.901908  1.11752  1.24967  1.39575  1.40817  1.58103  1.67764  1.80356  2.01572  2.05983  2.12246  2.24871  2.30712  2.5034  2.66382  2.84543  3.0101  3.17396  3.5971 
[T=1.757920e+03] -1.67686  -1.52769  -1.4014  -0.558297 <<0.559631>> 0.706986  0.901468  1.032  1.11779  1.25102  1.41482  1.52079  1.58069  1.67833  1.79032  1.80576  1.92263  2.01574  2.12158  2.22951  2.28754  2.30504  2.50438  2.51607  2.6618  2.81109  2.91735  3.00857  3.18832 
[T=1.861820e+03] -2.01295  -1.14797  -0.706593  -0.558748 <<0.559163>> 0.707151  0.901695  1.03041  1.11792  1.25026  1.3903  1.41571  1.52282  1.58176  1.67731  1.80319  1.82143  1.95712  2.01581  2.08705  2.12392  2.23647  2.30543  2.45393  2.50555  2.55169  2.66042  2.7065  2.82961  2.90956  2.9742  3.14911  3.32389 
[T=1.971840e+03] -1.41977  -0.952996  -0.559022  0.0141057 <<0.558993>> 0.707173  0.901212  1.02981  1.11816  1.25082  1.33863  1.41368  1.52045  1.58135  1.67712  1.8024  1.81988  1.96442  2.0066  2.01397  2.0741  2.12298  2.23724  2.30528  2.45769  2.50297  2.55845  2.65825  2.70491  2.83131  2.92536  3.01002  3.13119  3.16323  3.216  3.58412 
[T=2.088380e+03] -2.01632  -1.24563  -0.706839  -0.557594  0.010984 <<0.559211>> 0.707538  0.901287  1.03066  1.11802  1.25032  1.34779  1.41466  1.52154  1.58144  1.67752  1.80311  1.8208  1.95206  2.01598  2.07541  2.11718  2.12529  2.23717  2.3052  2.38327  2.42636  2.46625  2.50081  2.55458  2.65926  2.69885  2.83016  2.91741  3.00901  3.14282  3.19108  3.36795 
[T=2.211800e+03] -1.25059  -1.11795  -0.901454  -0.707522 <<0.559087>> 0.707267  0.901299  1.03104  1.11801  1.25017  1.41394  1.52154  1.58142  1.67734  1.80347  1.82308  1.95233  2.01602  2.08079  2.08284  2.12282  2.23752  2.30534  2.40827  2.46518  2.50237  2.55384  2.65868  2.7028  2.83181  2.9205  3.0198  3.1442  3.21332 
[T=2.342520e+03] -1.11729  -0.559012 <<0.55914>> 0.707324  0.90145  1.03077  1.11807  1.25025  1.41441  1.52013  1.58149  1.67733  1.80309  1.82075  1.95349  2.01608  2.06179  2.12207  2.14384  2.237  2.305  2.30862  2.46496  2.501  2.5532  2.65877  2.69997  2.82915  2.91839  3.01311  3.10255  3.14919  3.22323 
[T=2.480960e+03] -2.01523  -1.41276  -0.558765 <<0.55902>> 0.707084  0.901356  1.03068  1.11807  1.25016  1.32803  1.41464  1.52066  1.52348  1.58142  1.6776  1.80317  1.82161  1.95209  2.01603  2.06564  2.12193  2.1369  2.23752  2.30521  2.46621  2.50128  2.55374  2.6582  2.70167  2.8298  2.91739  2.96037  3.01024  3.13033  3.23337  3.49337 
[T=2.627600e+03] -1.8044  -1.51704  -0.558796 <<0.55907>> 0.706993  0.90147  1.0308  1.11816  1.25003  1.34727  1.41435  1.52113  1.58141  1.67712  1.80307  1.82074  1.95371  2.01609  2.0601  2.12166  2.13617  2.23702  2.3053  2.46459  2.50134  2.55213  2.6586  2.70029  2.70915  2.82991  2.91437  3.01559  3.13281  3.20958 
[T=2.782880e+03] -1.66344  -1.11785  -0.901481 <<0.558907>> 0.706951  0.90159  1.03041  1.11807  1.22639  1.25094  1.34649  1.41431  1.52096  1.5814  1.67718  1.80298  1.82028  1.95409  2.0161  2.06204  2.122  2.14294  2.23677  2.3054  2.3489  2.46353  2.50058  2.5544  2.65906  2.6999  2.82789  2.83639  2.91333  3.00747  3.06192  3.14952  3.17924 
[T=2.947340e+03] -1.02897  -0.558906 <<0.55907>> 0.707211  0.901374  1.03062  1.11803  1.25008  1.34972  1.41442  1.52102  1.5814  1.60837  1.67736  1.80303  1.82058  1.9523  2.01608  2.0628  2.12144  2.13693  2.23712  2.24558  2.30536  2.3149  2.46434  2.50117  2.55374  2.65901  2.69588  2.71197  2.83024  2.91817  3.01308  3.13289  3.20343  3.37415 
[T=3.121540e+03]  <<0.559051>> 0.707103  0.901382  1.03081  1.1181  1.25001  1.34622  1.41421  1.52092  1.58136  1.60183  1.67731  1.80302  1.82072  1.95297  2.0161  2.06216  2.12192  2.13707  2.23697  2.27334  2.30536  2.36245  2.46396  2.50126  2.55119  2.65885  2.68935  2.70443  2.78078  2.83027  2.91752  3.01224  3.13736  3.19943  3.40697 
[T=3.306020e+03] -2.13223  -0.906061 <<0.559031>> 0.707058  0.901398  1.03029  1.11806  1.25021  1.35812  1.41426  1.52082  1.58147  1.59835  1.67764  1.8031  1.82112  1.95023  2.01612  2.06265  2.12191  2.13649  2.23704  2.30549  2.32887  2.3488  2.46401  2.50128  2.5542  2.65895  2.70152  2.79835  2.82973  2.91918  3.01538  3.13452  3.20719  3.43742 
[T=3.501400e+03] -1.11802  -0.708162 <<0.559071>> 0.70709  0.901361  1.03069  1.11805  1.25012  1.3438  1.41443  1.52092  1.58142  1.6773  1.80303  1.82065  1.95306  2.01606  2.0642  2.12182  2.13688  2.23712  2.30532  2.35967  2.46276  2.50155  2.55404  2.65878  2.69964  2.72236  2.82791  2.91035  3.00144  3.15372  3.23601 
[T=3.708340e+03] -1.11809  -0.707032 <<0.559034>> 0.707159  0.901353  1.03083  1.11801  1.25004  1.34873  1.41427  1.52092  1.58138  1.59897  1.67745  1.80305  1.82071  1.95139  2.01606  2.06394  2.12174  2.13543  2.23695  2.30542  2.3698  2.46523  2.50102  2.55524  2.65875  2.70208  2.82898  2.91431  3.01445  3.12457  3.1938 
[T=3.927500e+03] -1.41291  -0.896978  -0.707604 <<0.559045>> 0.70713  0.901425  1.03088  1.11806  1.25005  1.34768  1.41432  1.52103  1.5814  1.59979  1.67731  1.80303  1.8205  1.9528  2.01609  2.06272  2.12173  2.13848  2.23692  2.29863  2.30577  2.46399  2.50103  2.55327  2.65888  2.6998  2.82967  2.91566  3.00639  3.1678  3.20121 
[T=4.159600e+03] -1.11781 <<0.559027>> 0.707174  0.901428  1.0307  1.11805  1.25002  1.4144  1.52114  1.58141  1.59818  1.67728  1.80304  1.82044  1.95329  2.01607  2.06165  2.12178  2.13666  2.2371  2.30539  2.31121  2.46281  2.50146  2.56142  2.65821  2.70093  2.70465  2.72396  2.831  2.91745  3.0125  3.13977  3.14783  3.23811 
[T=4.405440e+03] -1.51827  -1.41378  -1.25026  -0.558997 <<0.559012>> 0.707151  0.901394  1.03079  1.11805  1.25008  1.34639  1.41427  1.52089  1.5814  1.67729  1.80304  1.82054  1.95197  2.0161  2.06289  2.12178  2.13666  2.23701  2.30541  2.46498  2.50139  2.55508  2.6589  2.70403  2.83041  2.91434  3.01799  3.1101  3.23742 
[T=4.665800e+03] -0.707083  -0.559002 <<0.559022>> 0.707139  0.901406  1.03074  1.11807  1.25007  1.34668  1.41429  1.52101  1.58138  1.67729  1.80303  1.82059  1.95227  2.01607  2.06501  2.12176  2.13701  2.23713  2.30549  2.31179  2.46414  2.50116  2.55212  2.65898  2.70119  2.73113  2.78212  2.83009  2.91931  3.01269  3.13901  3.20917 
[T=4.941540e+03] -1.58133  -0.558993 <<0.559013>> 0.707099  0.901391  1.03075  1.11805  1.25007  1.34669  1.4143  1.52102  1.5814  1.67726  1.80303  1.82056  1.95298  2.0161  2.06264  2.12176  2.1367  2.23706  2.30554  2.31804  2.46415  2.50114  2.55182  2.65857  2.70196  2.82861  2.91507  3.0177  3.19162 
[T=5.233580e+03] -1.11814  -0.707004 <<0.559032>> 0.707145  0.901394  1.03075  1.11807  1.25005  1.34589  1.41431  1.52095  1.5814  1.67734  1.80303  1.82053  1.95251  2.01607  2.06441  2.12172  2.13792  2.23694  2.30541  2.3111  2.46462  2.50113  2.55561  2.65883  2.69644  2.70588  2.83071  2.9135  3.00671  3.17113 
[T=5.542880e+03] -0.707065  -0.559021 <<0.559031>> 0.707117  0.901387  1.03084  1.11807  1.25004  1.34628  1.41428  1.52092  1.58141  1.67729  1.80303  1.82061  1.95221  2.01609  2.06278  2.12172  2.13735  2.23708  2.30546  2.31826  2.46456  2.50099  2.55401  2.65871  2.70211  2.83196  2.91934  3.01086  3.13166  3.17971 
[T=5.870460e+03] -1.03056 <<0.55903>> 0.707105  0.901396  1.03075  1.11807  1.25003  1.34503  1.4143  1.52094  1.58138  1.60087  1.6773  1.80304  1.82058  1.95282  2.01609  2.06353  2.12174  2.13763  2.23697  2.30415  2.30548  2.46458  2.50138  2.55268  2.65926  2.69109  2.70641  2.82992  2.91783  3.01063  3.15224  3.20722 
[T=6.217400e+03] -1.11783  -0.559021 <<0.559021>> 0.707128  0.901409  1.03083  1.11807  1.25004  1.34688  1.41427  1.52105  1.58138  1.59828  1.67734  1.80304  1.82059  1.95318  2.01608  2.06305  2.1217  2.1372  2.23708  2.30123  2.30564  2.37024  2.46438  2.50132  2.55029  2.65889  2.67291  2.70244  2.82963  2.91719  3.01117  3.11162  3.20226  3.31908 
[T=6.584860e+03] -0.707143 <<0.559022>> 0.707116  0.90139  1.03078  1.11806  1.25005  1.3467  1.41429  1.521  1.5814  1.67732  1.80303  1.8206  1.95272  2.01608  2.06547  2.12171  2.13808  2.23699  2.30559  2.30814  2.46434  2.5012  2.55429  2.65915  2.68787  2.70561  2.83024  2.91775  3.0146  3.15956  3.20763 
[T=6.974020e+03] -0.901429 <<0.559022>> 0.70712  0.901386  1.03084  1.11807  1.25004  1.41425  1.52095  1.58139  1.6773  1.80303  1.82061  1.95275  2.01609  2.06465  2.12177  2.13764  2.2371  2.28365  2.30556  2.35245  2.46456  2.50101  2.55297  2.65894  2.70265  2.75844  2.82999  2.91918  3.00926  3.12487  3.1563 
[T=7.386180e+03] -1.24998  -0.559021 <<0.559017>> 0.707111  0.901392  1.03082  1.11806  1.25004  1.34711  1.41429  1.52093  1.58139  1.59998  1.6773  1.80303  1.82057  1.95269  2.01608  2.06385  2.12174  2.13793  2.23698  2.3055  2.33931  2.46384  2.50106  2.55327  2.65877  2.69818  2.70959  2.83036  2.91873  3.01144  3.13905  3.16131  3.20127 
[T=7.822700e+03] -1.11806  -0.559011 <<0.55902>> 0.707116  0.901395  1.03081  1.11807  1.25004  1.34672  1.41426  1.52096  1.58139  1.60044  1.67731  1.80303  1.82056  1.95278  2.01608  2.06192  2.12171  2.13781  2.23706  2.30531  2.30852  2.35191  2.4643  2.50119  2.55359  2.65894  2.69749  2.70857  2.83101  2.91633  3.01282  3.15499 
[T=8.285020e+03]  <<0.55902>> 0.707107  0.901397  1.03079  1.11806  1.25003  1.34582  1.41426  1.52094  1.5814  1.6773  1.80303  1.82058  1.95269  2.01609  2.06221  2.12175  2.1368  2.23708  2.30552  2.31327  2.46449  2.50106  2.5546  2.65877  2.70189  2.8304  2.91778  3.01286  3.14178  3.2433 
[T=8.774660e+03] -1.79478 <<0.559021>> 0.707111  0.901405  1.03077  1.11807  1.25005  1.34615  1.41428  1.52096  1.5814  1.67734  1.80303  1.82058  1.95269  2.01609  2.06241  2.12172  2.13723  2.23699  2.30279  2.30593  2.46321  2.50137  2.55486  2.65861  2.70024  2.82994  2.91683  3.01388  3.17731 
[T=9.293240e+03] -0.905603 <<0.559022>> 0.707107  0.90139  1.03082  1.11806  1.25003  1.34632  1.41427  1.52097  1.58139  1.67731  1.80303  1.82053  1.95257  2.0161  2.06381  2.12172  2.13686  2.23712  2.29239  2.30554  2.46326  2.50108  2.55196  2.65882  2.69828  2.82848  2.91741  3.00036  3.13993  3.15083 
[T=9.842460e+03]  <<0.559021>> 0.7071  0.901403  1.03082  1.11807  1.25003  1.34671  1.41427  1.52094  1.58139  1.6773  1.80303  1.82062  1.88854  1.95168  2.01611  2.05999  2.12164  2.13702  2.23711  2.30548  2.34449  2.46483  2.50122  2.56085  2.66081  2.68994  2.74882  2.83078  2.91961  3.01435  3.16738  3.21193 
[T=1.042414e+04] -1.11807 <<0.559021>> 0.707111  0.901395  1.0308  1.11806  1.25004  1.34612  1.41427  1.52095  1.58139  1.60109  1.67729  1.80303  1.82054  1.95302  2.01609  2.06475  2.12171  2.13718  2.23708  2.30293  2.30563  2.46414  2.50108  2.55274  2.65892  2.70057  2.82946  2.91601  3.01331  3.20873 
[T=1.104020e+04] -1.11807 <<0.559018>> 0.707109  0.901397  1.0308  1.11806  1.25003  1.41428  1.521  1.58139  1.6773  1.80303  1.82057  1.9526  2.01609  2.0629  2.12174  2.13727  2.23699  2.30417  2.30566  2.46381  2.5012  2.55269  2.65893  2.70143  2.82907  2.91668  3.01139  3.14218 
[T=1.169268e+04] -1.03092 <<0.55902>> 0.707109  0.901398  1.03081  1.11807  1.25004  1.34615  1.41428  1.52098  1.58139  1.67731  1.80303  1.82056  1.95282  2.01608  2.06329  2.12172  2.1379  2.23703  2.30549  2.46356  2.50135  2.55347  2.65885  2.70096  2.82969  2.91649  3.00992  3.15205  3.19177 
[T=1.238370e+04] -0.894048 <<0.559019>> 0.707111  0.901397  1.03081  1.11807  1.25004  1.33594  1.41428  1.52098  1.58139  1.67731  1.80303  1.82057  1.95283  2.01609  2.06321  2.12172  2.13761  2.23696  2.30548  2.4639  2.50118  2.55446  2.65878  2.7005  2.82965  2.91854  3.00997  3.14426 
[T=1.311558e+04] -0.559013 <<0.559017>> 0.70711  0.901397  1.03082  1.11807  1.25004  1.34654  1.41427  1.52095  1.58138  1.67731  1.80303  1.82055  1.95282  2.01608  2.06375  2.12175  2.13738  2.23701  2.30548  2.46398  2.50123  2.55313  2.65876  2.70213  2.83027  2.91824  3.01392  3.15352  3.19961 
[T=1.389070e+04] -0.559133 <<0.559018>> 0.70711  0.901395  1.03081  1.11807  1.25004  1.34633  1.41427  1.52096  1.58139  1.6773  1.80303  1.82058  1.9528  2.01608  2.06337  2.12173  2.13737  2.23703  2.30547  2.46412  2.50123  2.55465  2.65884  2.70191  2.82982  2.91685  3.01173 
[T=1.471162e+04]  <<0.55902>> 0.707111  0.901396  1.03081  1.11807  1.25004  1.346  1.41428  1.52095  1.58139  1.6773  1.80303  1.82055  1.95269  2.01609  2.06241  2.12173  2.13716  2.2369  2.30552  2.4635  2.50128  2.55599  2.65878  2.69815  2.83087  2.91345  3.00797  3.17909 
[T=1.558108e+04] -0.765324 <<0.559019>> 0.707109  0.901397  1.03082  1.11806  1.25004  1.35159  1.41427  1.52097  1.58139  1.67731  1.80303  1.82056  1.95283  2.01608  2.06411  2.12173  2.13768  2.23699  2.30547  2.46393  2.50112  2.5546  2.65888  2.69997  2.83037  2.91508  3.01249  3.13614  3.18687 
[T=1.650190e+04] -0.901378 <<0.559018>> 0.707111  0.901397  1.03081  1.11807  1.25004  1.34647  1.41427  1.52096  1.5814  1.67732  1.80303  1.82054  1.95288  2.01608  2.06247  2.12173  2.13781  2.23702  2.30547  2.46466  2.50111  2.55294  2.65922  2.70151  2.83111  2.91749  3.01075  3.13953  3.19998 
[T=1.747716e+04]  <<0.559018>> 0.707108  0.901397  1.03081  1.11806  1.25004  1.41427  1.521  1.58139  1.67729  1.80303  1.82055  1.9531  2.01607  2.06238  2.1215  2.13147  2.23695  2.30551  2.46455  2.50144  2.55355  2.65879  2.70288  2.83079  2.91904  3.01378  3.19621 
[T=1.851004e+04] -0.901393 <<0.559018>> 0.70711  0.901398  1.0308  1.11807  1.25004  1.41427  1.52099  1.58139  1.6773  1.80303  1.82057  1.95287  2.01609  2.06464  2.12172  2.13836  2.23692  2.30551  2.46524  2.50112  2.55118  2.65864  2.70056  2.82955  2.91524  3.01162 
[T=1.960398e+04]  <<0.559019>> 0.707109  0.901396  1.03081  1.11807  1.25004  1.34641  1.41427  1.52098  1.58139  1.6773  1.80303  1.82056  1.95277  2.01609  2.06332  2.12172  2.1381  2.23695  2.30549  2.46425  2.50123  2.55406  2.6588  2.70045  2.82967  2.91599  3.01069 
[T=2.076256e+04]  <<0.559018>> 0.70711  0.901397  1.03081  1.11807  1.25004  1.34627  1.41427  1.52101  1.5814  1.67731  1.80303  1.82052  1.95262  2.01607  2.06495  2.12173  2.13794  2.23691  2.30549  2.46361  2.50121  2.5531  2.65863  2.70038  2.82872  2.91643  3.01586 
[T=2.198962e+04]  <<0.559018>> 0.70711  0.901396  1.03082  1.11807  1.25004  1.34803  1.41428  1.52095  1.58139  1.67729  1.80303  1.82054  1.95426  2.01608  2.06346  2.12171  2.13824  2.23706  2.30545  2.46287  2.5013  2.55035  2.65838  2.70091  2.82701  2.91459  3.02681 
[T=2.328920e+04]  <<0.559018>> 0.70711  0.901396  1.03081  1.11807  1.25004  1.34655  1.41427  1.52097  1.58139  1.67731  1.80303  1.82056  1.9527  2.01609  2.06104  2.12171  2.13763  2.23701  2.30546  2.46387  2.50128  2.55385  2.65866  2.69976  2.8297  2.91668  3.00696 
[T=2.466558e+04]  <<0.559018>> 0.70711  0.901396  1.03081  1.11807  1.25004  1.41428  1.52096  1.58139  1.6773  1.80303  1.82054  1.95285  2.01609  2.06374  2.12177  2.23694  2.30553  2.46344  2.50126  2.55415  2.65906  2.70218  2.83039  2.91616  3.0117 
[T=2.612330e+04]  <<0.559018>> 0.707109  0.901396  1.03081  1.11807  1.25004  1.41427  1.52096  1.58139  1.6773  1.80303  1.82057  1.95282  2.01608  2.06144  2.12174  2.13495  2.23705  2.30548  2.46385  2.50119  2.55377  2.65881  2.69929  2.8301  2.91633  3.00937 
[T=2.766716e+04]  <<0.559018>> 0.707109  0.901397  1.03081  1.11807  1.25004  1.41427  1.52096  1.58139  1.6773  1.80303  1.82052  1.95277  2.01609  2.06353  2.12178  2.23699  2.3055  2.46442  2.50128  2.55389  2.65909  2.70191  2.82983  2.91695  3.00832 
[T=2.930228e+04]  <<0.559018>> 0.70711  0.901396  1.0308  1.11807  1.25004  1.41427  1.521  1.58139  1.67731  1.80303  1.82055  1.95281  2.01609  2.06186  2.12178  2.23688  2.30549  2.46432  2.50108  2.55739  2.659  2.70249  2.83101  2.91621  3.01488 
[T=3.103402e+04]  <<0.559018>> 0.707109  0.901396  1.03081  1.11807  1.25004  1.41427  1.52099  1.58139  1.6773  1.80303  1.82055  1.95313  2.01609  2.06162  2.12177  2.13016  2.23701  2.3055  2.46387  2.50117  2.55428  2.65868  2.7002  2.82881  2.91468  3.0075 
[T=3.286812e+04]  <<0.559018>> 0.707109  0.901396  1.03081  1.11807  1.25004  1.41427  1.52096  1.58139  1.67732  1.80303  1.82057  1.95273  2.01609  2.06343  2.12178  2.23685  2.30547  2.46207  2.50158  2.55266  2.65904  2.70023  2.8297  2.91314 
[T=3.481060e+04]  <<0.559018>> 0.707109  0.901396  1.03081  1.11807  1.25004  1.41427  1.52099  1.58139  1.6773  1.80303  1.82055  1.95292  2.01609  2.06249  2.12178  2.23699  2.30548  2.46407  2.50117  2.5541  2.65917  2.70031  2.83044  2.91453 
[T=3.686790e+04]  <<0.559018>> 0.707109  0.901396  1.03082  1.11807  1.25004  1.41427  1.52095  1.58139  1.67732  1.80303  1.82054  1.95262  2.01608  2.06181  2.12178  2.23699  2.30548  2.46286  2.50167  2.54226  2.65889  2.70184  2.8297  2.91694 
[T=3.904676e+04]  <<0.559018>> 0.707109  0.901396  1.03083  1.11807  1.25004  1.41427  1.52098  1.58139  1.6773  1.80303  1.82056  1.9529  2.01609  2.0628  2.12178  2.23691  2.30549  2.46308  2.50133  2.55257  2.65873  2.70023  2.82933  2.91613 
[T=4.135440e+04]  <<0.559018>> 0.707109  0.901396  1.03081  1.11807  1.25004  1.41427  1.52098  1.58139  1.67732  1.80303  1.82058  1.95262  2.01609  2.06363  2.12178  2.23699  2.30548  2.46345  2.50132  2.55346  2.65898  2.70104  2.82951  2.91522 
[T=4.379842e+04]  <<0.559018>> 0.707109  0.901396  1.03081  1.11807  1.25004  1.41427  1.52096  1.58139  1.6773  1.80303  1.82057  1.95292  2.01609  2.063  2.12176  2.23697  2.30548  2.46353  2.50164  2.54634  2.65878  2.70067  2.82991  2.91483 
[T=4.638688e+04]  <<0.559018>> 0.707109  0.901396  1.03081  1.11807  1.25004  1.41427  1.52095  1.58139  1.67731  1.80303  1.82057  2.01609  2.06255  2.12177  2.2369  2.3055  2.46365  2.50133  2.55264  2.65883  2.70036  2.83047  2.91712 
[T=4.912832e+04]  <<0.559018>> 0.707108  0.901396  1.03081  1.11807  1.25004  1.41427  1.52095  1.58139  1.67731  1.80303  1.82053  2.0161  2.0617  2.12177  2.23702  2.30548  2.46357  2.50093  2.6595  2.69878  2.82929  2.91226 
[T=5.203178e+04]  <<0.559018>> 0.707109  0.901396  1.03081  1.11807  1.25004  1.41427  1.52098  1.58139  1.6773  1.80303  1.82056  2.01609  2.06248  2.12176  2.23696  2.30547  2.46401  2.50104  2.65905  2.69852  2.82986 
[T=5.510682e+04]  <<0.559018>> 0.707109  0.901396  1.03085  1.11807  1.25004  1.41427  1.52095  1.58139  1.67731  1.80303  1.82054  2.01609  2.06135  2.12177  2.23696  2.30548  2.46396  2.50103  2.65894  2.69974  2.83011 
[T=5.836360e+04]  <<0.559018>> 0.707109  0.901396  1.03083  1.11807  1.25004  1.41427  1.52095  1.58139  1.67731  1.80303  1.82055  2.01609  2.06125  2.12178  2.23698  2.30546  2.46418  2.50122  2.65908  2.69712  2.83059 
[T=6.181286e+04]  <<0.559018>> 0.707109  0.901396  1.03081  1.11807  1.25004  1.41427  1.52098  1.58139  1.67731  1.80303  1.82055  2.01609  2.06263  2.12176  2.23694  2.30548  2.46458  2.50097  2.65888  2.69668  2.83006 
[T=6.546596e+04]  <<0.559018>> 0.707109  0.901396  1.03081  1.11807  1.25004  1.41427  1.52097  1.58139  1.67731  1.80303  1.82054  2.01609  2.12178  2.23699  2.30549  2.46436  2.50105  2.65993  2.83163 
[T=6.933496e+04]  <<0.559018>> 0.707109  0.901396  1.03081  1.11807  1.25004  1.41427  1.52097  1.58139  1.67731  1.80303  1.82057  2.01609  2.12176  2.23691  2.30547  2.46408  2.50101  2.66012  2.83228 
[T=7.343262e+04]  <<0.559018>> 0.707109  0.901396  1.03082  1.11807  1.25004  1.41427  1.52099  1.58139  1.6773  1.80303  1.82056  2.0161  2.12177  2.23696  2.30552  2.46434  2.50115  2.65991  2.83078 
[T=7.777244e+04]  <<0.559018>> 0.707109  0.901396  1.03082  1.11807  1.25004  1.41427  1.52096  1.58139  1.67732  1.80303  1.82053  2.0161  2.12176  2.23688  2.30551  2.46403  2.50116  2.65996  2.83192 
[T=8.236874e+04]  <<0.559018>> 0.707109  0.901396  1.03082  1.11807  1.25004  1.41427  1.52096  1.58139  1.67731  1.80303  1.82056  2.01609  2.12178  2.23699  2.30547  2.46438  2.50114  2.6599  2.83169 
[T=8.723668e+04]  <<0.559018>> 0.707109  0.901396  1.11807  1.25004  1.41427  1.52096  1.58139  1.67731  1.80303  1.82056  2.01609  2.12176  2.23692  2.30551  2.5009  2.65963  2.83194 
[T=9.239232e+04]  <<0.559018>> 0.707109  0.901396  1.11807  1.25004  1.41427  1.52099  1.58139  1.67729  1.80303  1.82054  2.01609  2.12177  2.23698  2.30548  2.50095  2.66008 
[T=9.785264e+04]  <<0.559018>> 0.707109  0.901396  1.11807  1.25004  1.41427  1.52094  1.58139  1.6773  1.80303  1.82057  2.0161  2.12178  2.23695  2.30549  2.50101  2.66001 
[T=1.036357e+05]  <<0.559018>> 0.707109  0.901396  1.11807  1.25004  1.41427  1.52095  1.58139  1.6773  1.80303  1.82054  2.01611  2.12179  2.23694  2.30547  2.66018 
[T=1.097605e+05]  <<0.559018>> 0.707109  0.901396  1.11807  1.25004  1.41427  1.52092  1.58139  1.67728  1.80303  1.82054  2.01611  2.12178  2.23703  2.30547 
[T=1.162473e+05]  <<0.559018>> 0.707109  0.901396  1.11807  1.25004  1.41427  1.52093  1.58139  1.67729  1.80303  1.82059  2.0161  2.12177  2.23706  2.30543 
[T=1.231174e+05]  <<0.559018>> 0.707109  0.901396  1.11807  1.25004  1.41427  1.52092  1.58138  1.67729  1.80303  1.82058  2.0161  2.12178  2.23706  2.30543 
[T=1.303936e+05]  <<0.559018>> 0.707109  0.901396  1.11807  1.25004  1.41427  1.52092  1.58139  1.6773  1.80303  1.82056  2.0161  2.12178  2.23702  2.30543 
[T=1.380998e+05]  <<0.559018>> 0.707109  0.901396  1.11807  1.25004  1.41427  1.52093  1.58139  1.67728  1.80303  1.82055  2.0161  2.12179  2.23698  2.30543 
[T=1.462614e+05]  <<0.559018>> 0.707109  0.901396  1.11807  1.25004  1.41427  1.52095  1.58139  1.67729  1.80303  1.82056  2.0161  2.12178  2.23705  2.30543 
[T=1.549053e+05]  <<0.559018>> 0.707109  0.901396  1.11807  1.25004  1.41427  1.52092  1.58139  1.67728  1.80303  1.82057  2.0161  2.12179  2.23704  2.30545 
[T=1.640601e+05]  <<0.559018>> 0.707109  0.901396  1.11807  1.25004  1.41427  1.52096  1.58139  1.67729  1.80303  1.82055  2.01609  2.12171  2.30535 
[T=1.737560e+05]  <<0.559018>> 0.707109  0.901396  1.11807  1.25004  1.41427  1.52093  1.58139  1.6773  1.80303  1.82054  2.01609  2.12172  2.30533 
[T=1.840249e+05]  <<0.559018>> 0.707109  0.901396  1.11807  1.25004  1.41427  1.52092  1.58139  1.67727  1.80303  1.82054  2.01611  2.12174 
[T=1.949006e+05]  <<0.559018>> 0.707109  0.901396  1.11807  1.25004  1.41427  1.52089  1.58138  1.80299  1.82038  2.01611  2.12173 
[T=2.064191e+05]  <<0.559018>> 0.707109  0.901396  1.11807  1.25004  1.41427  1.52088  1.58138  1.80298  1.82042  2.0161  2.12172 
[T=2.186184e+05]  <<0.559018>> 0.707109  0.901396  1.11807  1.41427  1.52088  1.58138  1.80301  1.82038  2.0161  2.12173 
[T=2.315386e+05]  <<0.559018>> 0.707109  0.901396  1.11806  1.41426  1.52061  1.58137  1.80773  2.01601  2.12177 
[T=2.452224e+05]  <<0.559018>> 0.707109  0.901396  1.11807  1.41425  1.58127  1.80775  2.01602  2.12176 
[T=2.597149e+05] 0.0495213  0.09986  0.150051  0.202112  0.253077  0.304337 <<0.556443>> 0.605529  0.656066  0.707108  0.90146  1.11807  1.41425  1.5207  1.58129  1.80808  2.01601  2.12188 
[T=2.750639e+05] 0.0497611  0.101312  0.151842  0.202469  0.252622  0.304611  0.351997  0.510618 <<0.556527>> 0.606788  0.657111  0.707108  0.758907  0.809298  0.85434  0.960354  1.01021  1.05961  1.11807  1.15731  1.21068  1.31129  1.41426  1.52111  1.58133  1.80325  2.01607  2.12162 
[T=2.913200e+05] 0.0508194  0.100742  0.151618  0.201892  0.252777  0.303149  0.353415  0.403777  0.453131  0.50551 <<0.556308>> 0.606149  0.656454  0.707108  0.757694  0.8087  0.857764  0.923377  0.960887  1.01003  1.06224  1.11811  1.15966  1.21085  1.26249  1.31252  1.36317  1.41425  1.46474  1.52152  1.58336  1.80924  1.85544  1.91221  1.9672  2.01617  2.12136 
