[T=9.899800e+02]  <<1.07307>>  
[T=1.045260e+03]  <<1.34755>>  
[T=1.103600e+03] -0.884657  -0.550146 <<0.941614>>  
[T=1.165200e+03] -1.3083 <<0.544946>> 1.07706  1.2801 
[T=1.230260e+03] -1.06477  -0.559147 <<1.11687>>  
[T=1.298920e+03] -1.14842  -0.574025 <<0.603744>> 1.22403 
[T=1.371440e+03] -0.893346 <<0.679536>> 0.90189 
[T=1.448000e+03] -1.121  -0.701421 <<0.594005>> 0.678559  1.23049 
[T=1.528820e+03] -1.25373  -0.903643  -0.556756 <<0.558905>> 0.703712  0.903003  1.2513  1.41502  1.8228 
[T=1.614160e+03] -1.1163  -0.846954 <<0.559292>> 0.706556  0.901294  1.11903  1.24956  1.4146  1.59033  1.80327 
[T=1.704280e+03] -1.11834  -1.07636  -0.569065 <<0.559335>> 0.708094  0.901777  1.03099  1.11808  1.25058  1.34678  1.415  1.58649  1.67769  1.80584  1.95848  2.15399 
[T=1.799400e+03] -1.1163  -0.707345 <<0.55924>> 0.707005  0.901597  1.02832  1.11901  1.25067  1.30772  1.41591  1.48187  1.58605  1.68698  1.80348  1.97123  1.98921 
[T=1.899860e+03] -1.11993  -0.708336  -0.559204 <<0.559022>> 0.70722  0.901433  1.03109  1.1183  1.25033  1.38529  1.41731  1.4728  1.59362  1.68407  1.80668  1.97064  2.06913 
[T=2.005900e+03] -0.921556  -0.559339 <<0.559167>> 0.707458  0.901504  1.03073  1.11852  1.25036  1.35422  1.41509  1.58805  1.68155  1.80664  2.0371  2.11504 
[T=2.117880e+03] -0.560459 <<0.559174>> 0.707576  0.901496  1.03413  1.11865  1.25026  1.30509  1.41492  1.58256  1.66751  1.80654  1.98452  2.07602 
[T=2.236100e+03]  <<0.559138>> 0.707283  0.90141  1.03207  1.11852  1.25042  1.35179  1.41507  1.52813  1.58721  1.67701  1.80617  2.02916  2.03612 
[T=2.360920e+03] -0.877973  -0.709348 <<0.559032>> 0.706961  0.901599  1.03147  1.11858  1.25055  1.3459  1.41504  1.58643  1.66442  1.70347  1.81055 
[T=2.492720e+03] -1.06924  -0.691706 <<0.559093>> 0.707439  0.901591  1.03208  1.11816  1.25054  1.30964  1.41511  1.5457  1.58573  1.67832  1.80641  1.96119  1.96982  2.21606 
[T=2.631860e+03]  <<0.558966>> 0.707227  0.901483  1.03135  1.11856  1.25069  1.34904  1.4151  1.50784  1.58611  1.67959  1.80547 
[T=2.778780e+03] -0.892992  -0.555585 <<0.559023>> 0.707163  0.901512  1.03107  1.11851  1.25053  1.34814  1.41506  1.52464  1.58102  1.59046  1.67882  1.80636  1.94467  2.03588  2.12699 
[T=2.933900e+03]  <<0.559042>> 0.70721  0.901547  1.03129  1.11852  1.25046  1.33739  1.41493  1.58423  1.80595 
[T=3.097680e+03] -0.708768 <<0.559024>> 0.707227  0.901521  1.03122  1.11845  1.25052  1.33432  1.415  1.55898  1.58315  1.66946  1.80766  1.84757 
[T=3.270600e+03] -0.784925 <<0.55887>> 0.70677  0.901483  1.03251  1.11881  1.25066  1.41424  1.41592  1.41617  1.58196  1.61002  1.67735  1.80624  1.97586  2.04379 
[T=3.453160e+03] -0.558928 <<0.559008>> 0.707142  0.901513  1.03216  1.11854  1.25049  1.34665  1.41488  1.49983  1.58549  1.68115  1.80593 
[T=3.645920e+03] -0.559018 <<0.559037>> 0.707168  0.901483  1.03161  1.11854  1.25055  1.34894  1.41506  1.58465  1.67852  1.80604 
[T=3.849460e+03] -0.556847 <<0.559036>> 0.707144  0.901507  1.03125  1.11853  1.25054  1.35033  1.41505  1.52112  1.58421  1.60042  1.6793  1.80628  1.94641  2.13881 
[T=4.064340e+03]  <<0.55902>> 0.70711  0.901502  1.03149  1.11839  1.25042  1.41496  1.58227  1.6872  1.80663 
[T=4.291220e+03] -0.903322 <<0.559039>> 0.70717  0.901532  1.03143  1.11855  1.25053  1.34954  1.41515  1.53698  1.58457  1.68236  1.80727 
[T=4.530760e+03]  <<0.559024>> 0.707117  0.901509  1.03132  1.11849  1.2505  1.34637  1.41507  1.58801  1.68333  1.80548 
[T=4.783680e+03]  <<0.559051>> 0.707137  0.901529  1.03129  1.11847  1.25056  1.34972  1.41509  1.56179  1.58674  1.67986  1.80561 
[T=5.050700e+03]  <<0.559045>> 0.707145  0.90151  1.03113  1.1185  1.25052  1.33872  1.4151  1.58657  1.67874  1.80649 
[T=5.332640e+03]  <<0.559043>> 0.707176  0.90151  1.03083  1.11855  1.25055  1.41507  1.5889  1.68144  1.80694 
[T=5.630320e+03]  <<0.559029>> 0.707138  0.901507  1.03115  1.11853  1.2505  1.4151  1.5836  1.67593  1.80498 
[T=5.944620e+03]  <<0.559038>> 0.707164  0.901514  1.03098  1.11851  1.25055  1.34291  1.41507  1.53062  1.58396  1.68307  1.80575 
[T=6.276460e+03]  <<0.559036>> 0.707159  0.90151  1.03099  1.11851  1.25053  1.41502  1.58577  1.68273  1.80556 
[T=6.626820e+03] -7.6225e-06 <<0.559033>> 0.707138  0.901514  1.03125  1.11852  1.25056  1.33449  1.41504  1.58402  1.68828  1.80568 
[T=6.996740e+03]  <<0.559038>> 0.70714  0.901513  1.03117  1.11849  1.25055  1.34166  1.41511  1.58726  1.68357  1.80453 
[T=7.387300e+03]  <<0.559032>> 0.707132  0.901513  1.03145  1.11848  1.25051  1.32936  1.41501  1.58599  1.68019  1.80605 
[T=7.799680e+03]  <<0.55904>> 0.707145  0.90151  1.03141  1.11853  1.25054  1.41502  1.5832  1.67672  1.80523 
[T=8.235080e+03]  <<0.559035>> 0.707135  0.90152  1.03107  1.11853  1.25054  1.41501  1.58707  1.68529  1.80506 
[T=8.694780e+03]  <<0.559036>> 0.707147  0.901516  1.03099  1.11852  1.25053  1.41509  1.58836  1.67803  1.80672 
[T=9.180120e+03]  <<0.559036>> 0.707134  0.90152  1.03111  1.11849  1.25055  1.41504  1.5891  1.67119  1.80685 
[T=9.692580e+03]  <<0.559033>> 0.707147  0.901513  1.03135  1.11853  1.25055  1.41499  1.58467  1.68478  1.80531 
[T=1.023364e+04]  <<0.559033>> 0.707135  0.90151  1.03102  1.11853  1.2505  1.41501  1.5919  1.65247  1.80559 
[T=1.080490e+04]  <<0.559036>> 0.70714  0.901514  1.03106  1.11852  1.25055  1.41503  1.58808  1.68039  1.80538 
[T=1.140804e+04]  <<0.559033>> 0.707135  0.901517  1.03098  1.11853  1.25055  1.41511  1.58446  1.68698  1.80424 
[T=1.204486e+04]  <<0.559034>> 0.707137  0.901512  1.03119  1.11851  1.25055  1.41508  1.5847  1.80616 
[T=1.271722e+04]  <<0.559034>> 0.707143  0.901517  1.03121  1.1185  1.25052  1.41504  1.58365  1.80605 
[T=1.342712e+04]  <<0.559036>> 0.707142  0.901513  1.03131  1.11852  1.25056  1.41502  1.58447  1.80635 
[T=1.417664e+04]  <<0.559035>> 0.707137  0.901513  1.03127  1.11852  1.25053  1.41506  1.58405  1.80677 
[T=1.496802e+04]  <<0.559033>> 0.707135  0.901514  1.03129  1.1185  1.25054  1.41506  1.58267  1.8065 
[T=1.580356e+04]  <<0.559034>> 0.707141  0.901516  1.03092  1.11851  1.25051  1.41498  1.58254  1.80639 
[T=1.668574e+04]  <<0.559033>> 0.707136  0.901511  1.03127  1.11851  1.25056  1.41496  1.80725 
[T=1.761716e+04]  <<0.559035>> 0.707135  0.901514  1.11852  1.25055  1.41498  1.80659 
[T=1.860058e+04]  <<0.559034>> 0.70714  0.901515  1.11854  1.25056  1.41496  1.80572 
[T=1.963890e+04]  <<0.559034>> 0.707139  0.901514  1.11854  1.25056  1.41503  1.80784 
[T=2.073518e+04]  <<0.559034>> 0.707138  0.901515  1.11852  1.25056  1.41505  1.80791 
[T=2.189266e+04] -4.72076e-07 <<0.559034>> 0.707136  0.901514  1.11854  1.25057  1.41502 
[T=2.311474e+04]  <<0.559033>> 0.707136  0.901516  1.11854  1.25057  1.41499 
[T=2.440504e+04]  <<0.559033>> 0.707136  0.901513  1.11853  1.25057  1.41494 
[T=2.576738e+04] -5.63423e-07 <<0.559034>> 0.707136  0.901513  1.11853  1.25056  1.41496 
[T=2.720576e+04]  <<0.559034>> 0.707136  0.901513  1.11852  1.25055  1.41497 
[T=2.872442e+04]  <<0.559033>> 0.707135  0.901512  1.11855  1.25059  1.41494 
[T=3.032788e+04]  <<0.559033>> 0.707134  0.901512  1.11854  1.25057  1.41494 
[T=3.202082e+04]  <<0.559033>> 0.707135  0.901514  1.11855  1.25057  1.41497 
[T=3.380828e+04]  <<0.559033>> 0.707136  0.901513  1.11855  1.25057  1.41499 
[T=3.569552e+04]  <<0.559033>> 0.707135  0.901513  1.11855  1.25057  1.41499 
[T=3.768810e+04]  <<0.559033>> 0.707136  0.901514  1.11853  1.25057  1.41494 
[T=3.979192e+04]  <<0.559033>> 0.707135  0.901514  1.11854  1.25059  1.41498 
[T=4.201318e+04]  <<0.559033>> 0.707135  0.901514  1.11854  1.25058  1.41498 
[T=4.435842e+04]  <<0.559033>> 0.707135  0.901513  1.11855  1.25059  1.41498 
[T=4.683458e+04]  <<0.559033>> 0.707136  0.901513  1.11855  1.25057  1.41494 
[T=4.944898e+04]  <<0.559033>> 0.707136  0.901514  1.11855  1.25058  1.41494 
[T=5.220930e+04]  <<0.559033>> 0.707135  0.901513  1.11854  1.25057  1.41495 
[T=5.512372e+04]  <<0.559033>> 0.707135  0.901514  1.11855  1.25057  1.41497 
[T=5.820082e+04]  <<0.559033>> 0.707135  0.901513  1.11855  1.25058  1.41495 
[T=6.144968e+04]  <<0.559033>> 0.707135  0.901513  1.11854  1.25058  1.41495 
[T=6.487990e+04]  <<0.559033>> 0.707135  0.901513  1.11854  1.25058  1.41496 
[T=6.850162e+04]  <<0.559033>> 0.707136  0.901515  1.11847  1.41493 
[T=7.232550e+04]  <<0.559033>> 0.707136  0.901514  1.11848  1.41494 
[T=7.636282e+04]  <<0.559033>> 0.707136  0.901514  1.11848  1.41495 
[T=8.062554e+04]  <<0.559033>> 0.707136  0.901514  1.11848  1.41494 
[T=8.512618e+04]  <<0.559033>> 0.707136  0.901514  1.11848  1.41494 
[T=8.987808e+04]  <<0.559033>> 0.707136  0.901514  1.11848  1.41495 
[T=9.489522e+04]  <<0.559033>> 0.707136  0.901514  1.11848  1.41496 
[T=1.001924e+05]  <<0.559033>> 0.707136  0.901514  1.11848  1.41495 
[T=1.057854e+05]  <<0.559033>> 0.707136  0.901517  1.41495 
[T=1.116905e+05]  <<0.559033>> 0.707136  0.901517  1.41494 
[T=1.179252e+05]  <<0.559033>> 0.707136  0.901517  1.41494 
[T=1.245080e+05]  <<0.559033>> 0.707136  0.901517  1.41494 
[T=1.314583e+05]  <<0.559033>> 0.707136  1.41504 
[T=1.387965e+05]  <<0.559033>> 0.707136 
[T=1.465443e+05]  <<0.559033>> 0.707136 
[T=1.547247e+05]  <<0.559033>> 0.707136 
[T=1.633617e+05]  <<0.559033>> 0.707136 
[T=1.724808e+05]  <<0.559033>> 0.707136 
[T=1.821090e+05]  <<0.559033>> 0.707136 
[T=1.922746e+05]  <<0.559033>> 0.707136 
[T=2.030077e+05]  <<0.559033>> 0.707136 
[T=2.143400e+05]  <<0.559033>> 0.707136 
